Systematic ID,z_score_rep1,z_score_rep2,max_area,size,Time,avg_area,max_ratio,wt_ratio
SPAC11H11.05c,-1.4844714902448308,-1.9397793199706634,465,small,0,273,1.7032967032967032,0.7334384858044164
SPAC13A11.06,-1.2991008269107043,-1.1669289160765903,269.5,small,0,254,1.061023622047244,0.4250788643533123
SPAC1687.21,-1.7034274512133796,1.1775352872642206,325,NA,0,308,1.0551948051948052,0.5126182965299685
SPAC1786.02,-1.2476152344073723,-2.0367612545418794,NA,NA,NA,NA,NA,NA
SPAC17A2.05,-1.2884378463102817,1.1428110502939135,786,NA,0,321,2.4485981308411215,1.2397476340694007
SPAC1F8.04c,1.5383832085041111,-1.233808510671942,645,NA,0,378,1.7063492063492063,1.0173501577287065
SPAC21E11.04,1.0374703836940085,1.7777067950776106,627,large,0,310,2.02258064516129,0.9889589905362776
SPAC222.13c,2.0652286858820745,1.481689389326116,305,large,0,250.5,1.217564870259481,0.4810725552050473
SPAC22F3.13,-1.6552841191652552,1.5570958650295446,1022.5,NA,0,261.5,3.910133843212237,1.612776025236593
SPAC23A1.06c,1.6732343940124828,1.0507526575296575,288,large,0,258,1.1162790697674418,0.45425867507886436
SPAC23C4.03,-1.2346633870767034,1.4744300369450414,NA,NA,NA,NA,NA,NA
SPAC23H3.05c,-1.9540087697782194,-1.1260083437450807,285,small,0,285,1,0.44952681388012616
SPAC26H5.07c,-2.642075644524888,-1.522382191422467,247.5,small,0,243,1.0185185185185186,0.39037854889589907
SPAC2E1P3.02c,-1.2464863785128584,-1.9450386723583033,NA,NA,NA,NA,NA,NA
SPAC2F7.02c,1.1953383562775763,2.518820555365188,929,large,0,300,3.0966666666666667,1.4652996845425867
SPAC2F7.03c,-1.7101458903538183,-1.3735504841732058,253,small,0,253,1,0.3990536277602524
SPAC343.09,1.4081042862677053,1.288897186249453,313.5,large,0,302,1.0380794701986755,0.4944794952681388
SPAC3H1.14,-2.853888988839956,-1.4814286782101098,255,small,0,245,1.0408163265306123,0.4022082018927445
SPAC4F10.07c,2.704599238923779,1.4743662725171875,293,large,0,255,1.1490196078431372,0.46214511041009465
SPAC4H3.01,-1.2320393132819705,1.8916052275637607,NA,NA,NA,NA,NA,NA
SPAC56E4.06c,1.1213889393139125,-1.331354978977773,NA,NA,NA,NA,NA,NA
SPAC5D6.07c,-2.460896303697343,1.742996040948216,NA,NA,NA,NA,NA,NA
SPAC6C3.08,1.3313913987402293,1.679518239280459,300,large,0,290,1.0344827586206897,0.47318611987381703
SPAC7D4.02c,-1.7020231216640922,-1.2450474070603093,790,small,0,300.5,2.6289517470881862,1.2460567823343849
SPAPJ760.03c,1.085328907887022,-2.255625504899676,NA,NA,NA,NA,NA,NA
SPBC1198.14c,-1.6162427987810681,1.189826219243098,259,NA,0,243,1.0658436213991769,0.4085173501577287
SPBC11B10.07c,-2.988484122790414,-1.886978692356348,384.5,small,0,269,1.429368029739777,0.6064668769716088
SPBC1271.10c,2.093012399523024,1.2352742946918538,559,large,0,307,1.8208469055374592,0.8817034700315457
SPBC14C8.03,-1.1517524314422978,1.3849544346320615,NA,NA,NA,NA,NA,NA
SPBC15D4.03,-2.1623966666186303,-1.050610970704018,329,small,0,261,1.260536398467433,0.5189274447949527
SPBC1706.01,-1.798357707487364,-1.6518711821311949,252,small,0,245,1.0285714285714285,0.39747634069400634
SPBC1709.09,2.422992818054996,1.766837060249894,308,large,0,308,1,0.48580441640378547
SPBC1773.04,-2.3230956983177,1.9447876273532558,NA,NA,NA,NA,NA,NA
SPBC1861.01c,-1.8939169527433852,-1.582162219604186,NA,NA,NA,NA,NA,NA
SPBC21B10.13c,1.8917417843752042,1.692285245080847,263.5,large,0,255,1.0333333333333334,0.415615141955836
SPBC28F2.05c,-1.628239399387916,1.5528577703215622,NA,NA,NA,NA,NA,NA
SPBC2D10.11c,1.6329290857253498,2.0169364564295336,NA,NA,NA,NA,NA,NA
SPBC32H8.02c,-1.6168624557247362,1.5396927894269834,NA,NA,NA,NA,NA,NA
SPBC32H8.06,-1.2456629977754903,-1.2532474356997667,NA,NA,NA,NA,NA,NA
SPBC32H8.11,-3.5632015672880812,-2.2931485423253073,260.5,small,0,240.5,1.0831600831600832,0.4108832807570978
SPBC354.14c,-1.9131632623135038,-1.3542710335289463,831,small,0,328,2.533536585365854,1.3107255520504733
SPBC3B9.08c,1.1833102020111788,1.7450108282605385,592,large,0,280,2.1142857142857143,0.9337539432176656
SPBC530.14c,-1.1242667592709044,1.0572059345895153,NA,NA,NA,NA,NA,NA
SPBC543.03c,1.4251592257580983,1.3270517476439085,843,large,0,261,3.2298850574712645,1.3296529968454258
SPBC56F2.06,1.2111227604189654,1.3866030852539108,274,large,0,274,1,0.43217665615141954
SPBC776.16,-1.5353631017734888,1.8422642482246199,874,NA,0,266.5,3.279549718574109,1.3785488958990537
SPBC902.04,2.7285650399553525,1.667059113183252,292.5,large,0,236.5,1.236786469344609,0.4613564668769716
SPBP23A10.10,2.6243651373030437,1.5149385247089555,263,large,0,254,1.0354330708661417,0.4148264984227129
SPBP35G2.10,-1.5363794847979375,-1.3060591868733042,846,small,0,266.5,3.174484052532833,1.334384858044164
SPCC1183.06,1.9631560699626258,1.4032616690719732,729,large,0,295,2.471186440677966,1.1498422712933754
SPCC11E10.04,1.7047738295620043,-1.1517101130826428,883,NA,0,341,2.589442815249267,1.3927444794952681
SPCC1494.10,1.9848033401099898,-2.2132515366042216,NA,NA,NA,NA,NA,NA
SPCC1620.03,1.283950127315063,-1.6095545489704135,NA,NA,NA,NA,NA,NA
SPCC1739.05,-1.3004370207368368,-1.5948468920158647,262.5,small,0,256.5,1.023391812865497,0.4140378548895899
SPCC1827.03c,1.0842692937136902,-1.5453555220629025,463.5,NA,0,335,1.3835820895522388,0.7310725552050473
SPCC1840.12,1.4181830976591203,-1.352609192436254,1320.5,NA,0,1320.5,1,2.082807570977918
SPCC4G3.05c,1.2217772648168563,-1.89477057123797,509,NA,0,293,1.7372013651877134,0.8028391167192429
SPCC663.06c,-1.5889133493657073,1.2872123855177815,906,NA,0,299,3.0301003344481607,1.4290220820189274
SPCC663.09c,-1.9484046505420636,-1.1464502121798887,248,small,0,237.5,1.0442105263157895,0.3911671924290221
SPCP1E11.05c,1.1061081427007888,1.5622849340384233,NA,NA,NA,NA,NA,NA
